0
0
0
15
1
1
1
1
1
13
0
0
0
0
0
0
0
0
0
0
0
0
0
15
1
1
1
1
1
13
0
0
0
0
0
0
0
0
0
0
0
0
0
15
1
1
1
1
1
13
0
0
0
0
0
0
0
0
0
0
0
0
0
15
1
1
1
1
1
13
0
0
0
0
0
0
0
0
4
2
0
0
0
15
1
1
1
1
1
13
0
0
0
0
0
0
0
0
3
0
0
0
0
15
1
1
1
1
1
1
12
12
12
12
10
0
0
0
3
0
0
0
0
15
1
1
1
1
1
1
1
1
1
1
1
12
10
0
3
0
0
0
0
8
14
14
14
14
14
19
1
18
14
14
14
14
19
10
3
0
0
0
4
2
2
2
2
2
5
15
1
13
4
2
2
5
8
11
3
0
0
0
3
9
12
12
12
10
3
15
1
13
3
9
10
3
0
0
3
0
0
0
3
15
18
14
14
11
3
8
14
11
3
8
11
3
0
0
3
0
0
0
3
15
13
4
2
2
2
2
2
2
2
2
2
6
0
0
3
0
0
0
3
15
13
3
9
10
3
9
12
10
3
0
0
0
0
0
3
0
0
0
3
15
13
3
8
0
3
15
1
13
3
0
0
0
0
0
3
0
0
0
3
15
13
7
2
2
6
8
19
13
7
2
2
2
2
2
6
0
0
0
3
15
17
12
10
0
0
0
15
1
12
12
10
0
0
0
0
0
0
0
3
15
1
18
11
0
0
0
8
14
14
19
13
0
0
0
0
0
0
0
3
15
1
13
0
0
0
0
0
0
0
15
13
0
0
0
0
0
0
0
3
15
1
17
12
12
12
12
12
12
12
16
1
12
12
12
12
12
2
2
6
8
14
14
14
14
14
14
14
14
14
14
14
14
14
14
14
14
0
19
19
3
